['GE40201', 0, 1, 2, 3]
['GE40301', 0, 1, 2, 3, 4]
['GE40401', 0, 1, 2, 3, 4]
['GE40501', 2, 3]
['GE40603', 0, 1, 2, 3, 4]
['GE40703', 0]
['GE60201', 0, 1, 2, 3, 4]
['GE60501', 2]
['GE60601', 0, 1, 2, 3]
['GE60801', 4]
['GE61101', 0, 1, 2, 3]
['GE62201', 1]
['GE62601', 3]
['GE62701', 2]
['GE70401', 0]
['GE70501', 3, 4]
['GE70601', 3, 4]
['GE70701', 3]
['GE70801', 3]
['GE72601', 3]
['GE73201', 0]
['GE80301', 0, 1, 2, 4]
['GE80501', 0, 1, 2, 3, 4]
['GE80801', 0, 1, 2, 4]
['GE80901', 0, 1, 2, 3, 4]
['GE81101', 0, 1, 2, 3]
['GE81201', 0, 1, 2, 3, 4]
['GE81301', 1, 2, 3, 4]
['GE81401', 1, 3, 4]
['GE82601', 0, 1, 2, 4]
['GE82802', 0, 1]
['GE82901', 0, 1, 2, 4]
['GE83001', 1, 4]