['GA40103', 4]
['GA40203', 4]
['GA40503', 3, 4]
['GA40603', 3, 4, 6]
['GA40803', 6]
['GE40201', 7, 8, 9]
['GE40301', 7]
['GE40401', 1, 2, 7, 8, 9]
['GE40501', 6, 7, 9]
['GE60201', 3]
['GE60601', 0, 8, 9]
['GE60801', 0]
['GE61101', 0, 1, 2, 3, 6, 7]
['GE61801', 1, 2, 5, 6, 8]
['GE61901', 1, 2, 8]
['GE62001', 2]
['GE62301', 3]
['GE62401', 5]
['GE62601', 5]
['GE70201', 1, 2, 6, 8, 9]
['GE70301', 0, 2, 3, 6, 7, 9]
['GE70401', 0, 1, 2, 7, 8, 9]
['GE70501', 0, 2, 3, 4, 6, 7, 8, 9]
['GE70601', 0, 1, 3, 5, 6, 9]
['GE70701', 0, 2, 3, 4, 5, 6, 7, 8]
['GE70801', 2, 5, 6, 7]
['GE70901', 5, 6]
['GE71001', 0, 1, 2, 5, 6, 7, 8, 9]
['GE71101', 1, 2, 3, 5]
['GE71801', 5]
['GE71901', 2, 3, 4, 8, 9]
['GE72501', 0, 3]
['GE72601', 3, 4, 5]
['GE72701', 5]
['GE72801', 0, 1, 2, 3, 4, 5, 6, 7]
['GE73201', 0, 2, 3, 4, 8]
['GE80301', 5]
['GE80501', 0, 5]
['GE80801', 1]
['GE80901', 1, 5, 6]
['GE81101', 1]
['GE81201', 2, 9]
['GE81301', 1, 8]
['GE81401', 6]
['GE82601', 0, 1]